4
0 0 1 0 0 0 0 3 0 0 0 0 0 15 0 9 
0 10 0 0 1 0 2 0 16 0 3 7 6 0 8 0 
0 0 4 0 0 6 0 9 0 5 0 0 0 0 16 0 
0 7 0 5 12 0 8 0 0 0 0 13 0 10 0 0 
0 0 0 0 5 0 0 0 0 3 0 0 7 0 0 0 
0 9 0 0 11 0 7 1 0 2 0 0 0 5 0 10 
4 0 7 16 0 0 10 0 6 0 0 0 0 1 0 0 
0 5 0 0 0 3 0 2 0 0 4 16 0 0 15 0 
5 0 0 6 0 13 0 0 4 0 0 12 0 11 0 1 
0 3 0 0 0 0 0 0 0 0 15 0 9 0 12 0 
8 0 16 0 3 0 0 6 0 1 0 0 2 0 0 0 
0 0 0 7 0 15 4 0 0 0 10 0 0 0 0 8 
11 0 0 0 10 0 0 0 0 8 0 1 0 16 0 12 
0 0 2 0 0 16 0 0 5 0 0 11 0 0 1 0 
0 8 0 0 2 0 0 11 0 0 6 9 0 3 0 0 
0 0 6 0 0 0 3 0 0 4 0 0 8 0 14 0 
