4
0 15 0 9 0 0 0 0 1 7 0 0 0 3 0 0 
0 0 0 4 0 0 10 5 9 0 0 0 0 0 0 0 
3 1 0 0 0 0 16 0 0 0 6 5 0 9 8 0 
0 0 0 8 12 0 0 4 0 0 16 0 0 0 0 5 
0 11 5 12 0 0 0 0 0 16 4 0 0 0 0 6 
0 9 0 15 5 0 0 0 10 0 0 14 0 12 0 0 
0 0 2 0 0 0 12 9 0 0 15 0 8 0 0 0 
0 0 0 0 2 0 7 3 0 6 0 0 0 0 0 0 
4 5 8 0 0 0 0 0 0 12 0 0 10 0 11 0 
0 0 12 0 16 0 6 13 0 0 0 4 15 8 14 7 
0 0 0 0 0 14 5 10 0 0 0 0 0 0 0 0 
9 6 16 7 11 0 0 15 8 0 0 0 0 5 0 3 
0 0 0 16 0 0 8 0 0 10 12 1 2 0 0 0 
0 0 1 0 0 3 0 0 0 4 0 0 7 0 16 12 
10 0 0 0 1 0 15 0 6 2 7 3 0 0 0 9 
0 13 0 0 6 0 0 0 15 9 0 0 0 0 10 0 
